train
7
55
56
65
156
169
207
217
225
265
293
310
359
368
394
395
398
409
505
583
589
618
673
687
728
746
757
778
799
806
822
861
866
927
968
992
1047
1067
1091
1109
1146
1154
1212
1227
1252
1275
1279
1324
1350
1352
1375
1397
1418
1442
1469
1470
1494
1508
1509
1535
1536
1543
1558
1561
1595
1598
1649
1662
1667
1696
1724
1783
1784
1786
1832
1833
1843
1866
1873
1957
1982
1999
2001
2067
2083
2126
2131
2136
2164
2188
2196
2209
2226
2241
2309
2338
2340
2386
2451
2515
2519
2560
2609
2624
2647
2664
2695
2705
2712
2734
2763
2778
2831
2854
2879
2903
2910
2957
2987
2992
3008
3025
3052
3070
3071
3074
3076
3159
3183
3189
3204
3247
3258
3404
3453
3493
3495
3502
3506
3516
3526
3542
3591
3651
3743
3861
3871
3912
3914
3950
4041
4064
4071
4094
4095
4126
4146
4157
4158
4232
4268
4301
4325
4327
4337
4338
4348
4356
4378
4389
4437
4463
4478
4480
4506
4529
4590
4623
4624
4625
4635
4674
4675
4708
4727
4751
4759
4771
4788
4822
4872
4878
4884
4900
4921
4935
4980
4990
5007
5024
5031
5040
5054
5056
5083
5121
5151
5152
5154
5173
5181
5290
5308
5318
5320
5344
5352
5416
5423
5430
5438
5472
5479
5516
5608
5656
5704
5705
5709
5784
5785
5801
5829
5851
5855
5857
5888
5909
5915
5939
5944
5953
5980
6011
6023
6047
6054
6056
6068
6086
6108
6137
6145
6156
6199
6225
6246
6250
6262
6271
6286
6353
6390
6414
6448
6451
6459
6510
6511
6528
6551
6586
6590
6597
6601
6614
6630
6649
6685
6707
6720
6734
6767
6773
6779
6795
6834
6837
6842
6850
6866
6873
6885
6979
6990
6995
7019
7022
7031
7066
7076
7112
7180
7196
7209
7238
7239
7315
7378
7403
7427
7457
7467
7494
7504
7558
7593
7627
7666
7700
7717
7731
7755
7760
7765
7781
7793
7888
7898
7904
7909
7933
7939
7949
7957
7958
7959
8032
8065
8104
8106
8115
8128
8188
8198
8270
8305
8372
8381
8406
8442
8453
8464
8511
8516
8545
8639
8659
8677
8681
8691
8728
8741
8751
8782
8842
8872
8889
8902
8912
8920
8947
9010
9023
9028
9035
9069
9074
9133
9143
9163
9176
9180
9198
9237
9278
9294
9347
9357
9393
9394
9500
9507
9509
9515
9522
9527
9636
9648
9669
9673
9728
9757
9775
9872
9895
9912
9926
9933
9936
9950
9976
9981
9988
10003
10011
10020
10066
10069
10073
10090
10125
10145
10159
10171
10186
10244
10280
10354
10389
10400
10406
10408
10413
10547
10553
10571
10586
10598
10640
10677
10755
10758
10763
10767
10771
10796
10836
10846
10847
10904
10923
10949
10955
11007
11063
11089
11094
11114
11136
11141
11197
11215
11232
11239
11246
11253
11288
11311
11365
11395
11413
11439
11450
11457
11458
11524
11525
11547
11602
11608
11620
11632
11643
11701
11718
11750
11771
11787
11833
11853
11871
11876
11888
11901
11913
11945
11950
11997
12009
12027
12062
12068
12078
12092
12117
12127
12131
12132
12168
12173
12176
12184
12220
12239
12241
12242
12286
12290
12309
12334
12471
12472
12481
12493
12495
12500
12523
12528
12530
12533
12543
12550
12567
12570
12573
12580
12581
12656
12660
12683
12741
12753
12760
12762
12792
12794
12873
12892
12895
12922
12923
12926
12957
12969
12996
12999
13034
13050
13051
13058
13113
13121
13232
13233
13241
13249
13274
13277
13288
13297
13307
13344
13355
13359
13400
13405
13418
13434
13498
13501
13526
13536
13548
13564
13571
13597
13604
13608
13623
13632
13635
13636
13643
13652
13665
13682
13697
13704
13717
13782
13788
13804
13806
13818
13821
13831
13833
13841
13847
13855
13864
13879
13905
13906
13913
13929
13933
13951
13957
13979
14052
14069
14100
14127
14156
14183
14188
14198
14264
14279
14296
14318
14320
14449
14459
14466
14506
14573
14575
14577
14588
14596
14603
14634
14636
14674
14685
14689
14703
14726
14743
14756
14758
14803
14807
14814
14830
14876
14885
14910
14928
14959
14966
14968
14976
15018
15107
15137
15197
15200
15201
15215
15218
15231
15232
15239
15246
15259
15298
15299
15305
15321
15325
15363
15365
15389
15393
15414
15425
15442
15457
15472
15474
15482
15503
15512
15520
15528
15542
15554
15576
15585
15590
15593
15604
15612
15648
15660
15693
15707
15738
15756
15775
15826
15834
15858
15859
15870
15883
15884
15894
15907
15970
15986
15987
15991
15998
16003
16012
16054
16065
16100
16112
16132
16143
16152
16192
16201
16204
16207
16223
16240
16245
16264
16274
16294
16314
16340
16345
16351
16375
16381
16406
16419
16436
16452
16459
16481
16494
16535
16551
16554
16556
16557
16608
16634
16638
16648
16652
16669
16720
16730
16735
16742
16756
16773
16835
16844
16847
16859
16871
16897
16900
16904
16916
16919
16936
16971
16991
17003
17010
17041
17087
17096
17102
17118
17125
17142
17148
17149
17162
17163
17178
17200
17207
17215
17230
17270
17275
17326
17369
17401
17404
17454
17460
17493
17498
17518
17522
17538
17539
17585
17611
17613
17616
17634
17679
17736
17742
17745
17759
17785
17803
17807
17822
17830
17833
17869
17878
17893
17898
17975
17997
18014
18020
18046
18047
18067
18094
18117
18124
18138
18141
18154
18155
18161
18221
18227
18232
18248
18262
18266
18298
18307
18341
18346
18359
18372
18390
18402
18403
18480
18508
18632
18647
18648
18657
18669
18720
18737
18809
18831
18849
18855
18870
18887
18987
18998
19022
19026
19037
19049
19085
19105
19108
19114
19137
19141
19151
19209
19216
19290
19311
19341
19350
19359
19388
19390
19399
19403
19435
19455
19459
19478
19482
19494
19497
19505
19523
19540
19550
19562
19604
19605
19618
19621
19668
19673
19686
19723
19742
19755
19767
19779
19783
19806
19837
19866
19867
19875
19878
19882
19903
19948
19957
19982
19983
19997
20013
20025
20026
20027
20085
20181
20187
20246
20256
20302
20351
20371
20387
20429
20432
20436
20449
20473
20482
20514
20517
20521
20559
20634
20647
20675
20680
20708
20721
20760
20794
20795
20812
20829
20830
20831
20887
20920
20951
21005
21128
21160
21165
21197
21199
21200
21219
21225
21233
21250
21297
21299
21301
21319
21323
21336
21355
21390
21457
21465
21472
21509
21513
21528
21549
21550
21555
21571
21579
21587
21628
21635
21650
21652
21655
21668
21704
21705
21718
21724
21753
21754
21815
21874
21915
21921
22021
22042
22051
22093
22111
22120
22137
22158
22167
22175
22230
22250
22281
22298
22310
22335
22336
22345
22371
22396
22423
22437
22441
22450
22451
22475
22483
22512
22520
22545
22550
22552
22576
22579
22583
22603
22633
22729
22736
22747
22752
22782
22786
22798
22842
22844
22849
22851
22877
22880
22909
22934
22953
22972
22993
22994
23003
23016
23017
23052
23055
23074
23075
23090
23114
23126
23127
23208
23235
23244
23281
23307
23317
23350
23351
23353
23357
23372
23397
23430
23476
23515
23568
23628
23678
23681
23691
23717
23728
23729
23736
23743
23749
23762
23777
23811
23815
23819
23825
23911
23958
23979
24008
24033
24043
24115
24123
24149
24179
24205
24206
24219
24233
24248
24250
24253
24263
24285
24382
24419
24434
24466
24503
24515
24544
24550
24551
24566
24578
24586
24587
24606
24609
24617
24618
24636
24641
24650
24668
24674
24697
24729
24749
24759
24762
24763
24789
24811
24816
24835
24867
24872
24882
24900
24912
24923
24927
24929
24988
24990
25018
25025
25045
25075
25083
25091
25114
25117
25176
25225
25229
25239
25258
25288
25298
25381
25384
25390
25409
25413
25420
25447
25469
25476
25494
25502
25506
25522
25544
25564
25566
25608
25652
25659
25724
25741
25742
25743
25800
25831
25840
25864
25882
25883
25916
25954
25971
25980
25993
25997
26030
26040
26051
26082
26116
26136
26198
26203
26224
26238
26252
26260
26262
26276
26280
26290
26338
26345
26357
26360
26372
26374
26375
26376
26379
26438
26458
26492
26559
26562
26571
26572
26594
26618
26666
26684
26704
26705
26711
26719
26731
26740
26753
26801
26802
26809
26812
26895
26911
26943
26944
26949
26955
26966
26994
27000
27007
27008
27059
27070
27077
27084
27117
27145
27152
27158
27161
27170
27194
27266
27275
27280
27284
27305
27315
27319
27329
27331
27360
27364
27379
27415
27419
27432
27446
27454
27496
27563
27596
27642
27667
27699
27735
27777
27802
27838
27858
27860
27876
27882
27910
27931
27932
27936
27956
27965
27989
28023
28029
28045
28046
28076
28106
28190
28196
28201
28210
28215
28226
28287
28288
28297
28337
28348
28352
28354
28362
28400
28403
28460
28465
28476
28492
28500
28520
28537
28540
28548
28549
28582
28586
28605
28616
28629
28640
28649
28655
28681
28684
28691
28711
28771
28792
28812
28814
28830
28843
28851
28861
28863
28873
28898
28911
28924
28942
28961
28979
28994
28996
28999
29004
29082
29099
29105
29107
29109
29153
29157
29173
29181
29231
29246
29248
29258
29271
29286
29307
29319
29321
29328
29363
29367
29377
29384
29386
29391
29410
29420
29438
29455
29505
29515
29522
29553
29583
29586
29596
29600
29603
29662
29670
29673
29691
29698
29728
29735
29744
29780
29790
29841
29854
29917
29920
29939
29941
29983
30059
30094
30097
30104
30106
30108
30109
30116
30124
30162
30176
30192
30194
30215
30229
30233
30240
30249
30254
30257
30275
30278
30281
30302
30332
30333
30354
30392
30395
30405
30427
30431
30433
30443
30450
30471
30500
30507
30528
30546
30549
30550
30566
30580
30633
30643
30648
30662
30664
30691
30694
30710
30717
30731
30743
30756
30758
30771
30782
30802
30811
30814
30833
30842
30858
30889
30904
30907
30912
30994
31009
31020
31069
31088
31092
31100
31118
31127
31129
31155
31184
31188
31204
31225
31233
31236
31267
31268
31275
31303
31353
31372
31374
31376
31404
31427
31463
31475
31493
31501
31507
31517
31556
31591
31651
31654
31658
31705
31713
31725
31748
31751
31760
31789
31797
31802
31821
31842
31894
31913
31920
31932
31949
31974
31976
31977
31987
32037
32048
32056
32067
32078
test
106
142
165
181
211
261
294
311
346
350
366
430
459
475
504
524
530
538
569
594
613
642
668
677
687
691
740
782
786
791
806
844
862
886
919
929
949
991
1011
1023
1033
1034
1051
1053
1064
1099
1102
1117
1122
1124
1127
1141
1164
1204
1208
1211
1297
1300
1301
1316
1320
1343
1391
1409
1430
1443
1464
1479
1480
1492
1509
1546
1547
1583
1588
1650
1695
1716
1747
1764
1804
1850
1870
1894
1915
1929
1962
1989
1990
1996
2051
2053
2058
2082
2093
2109
2240
2259
2281
2298
2329
2340
2362
2439
2446
2470
2478
2506
2522
2543
2557
2607
2610
2626
2662
2677
2680
2693
2722
2757
2769
2848
2855
2895
2897
2920
2955
2979
2997
3020
3090
3117
3149
3176
3180
3222
3281
3293
3299
3300
3329
3358
3389
3404
3408
3448
3450
3488
3491
3497
3512
3530
3558
3570
3572
3574
3577
3617
3632
3641
3664
3681
3692
3703
3708
3711
3749
3752
3777
3786
3791
3805
3838
3839
3876
3878
3950
3974
4020
4032
4075
4079
4083
4089
4097
4116
4117
4138
4152
4156
4192
4229
4230
4239
4248
4285
4305
4307
4351
4388
4425
4429
4476
4483
4485
4497
4527
4549
4550
4553
4568
4593
4600
4616
4631
4666
4667
4673
4676
4717
4757
4760
4763
4807
4821
4838
4840
4887
4906
4970
4972
5014
5039
5054
5065
5088
5114
5136
5179
5186
5222
5230
5239
5265
5277
5310
5333
5348
5393
5396
5398
5472
5506
5526
5556
5586
5611
5640
5693
5702
5705
5715
5776
5782
5806
5820
5837
5852
5863
5892
5916
5934
5949
5995
6015
6029
6034
6078
6106
6113
6146
6154
6160
6162
6176
6215
6222
6238
6241
6252
6271
6280
6303
6310
6317
6328
6329
6359
6391
6403
6419
6423
6433
6483
6521
6554
6559
6565
6572
6598
6619
6630
6633
6639
6659
6671
6690
6716
6786
6823
6828
6831
6882
6922
6925
6929
6956
6970
6976
6981
6997
6998
7005
7014
7020
7041
7044
7054
7057
7060
7061
7075
7097
7105
7112
7139
7166
7167
7185
7197
7232
7248
7292
7293
7303
7333
7367
7375
7380
7384
7393
7405
7415
7427
7466
7483
7519
7546
7579
7614
7649
7667
7698
7729
7764
7781
7786
7806
7827
7854
7856
7907
7917
7934
7935
7949
7952
7993
8047
8080
8082
8105
8126
8128
8157
8167
8182
8195
8208
8223
8264
8286
8291
8295
8298
8308
8317
8322
8336
8348
8367
8393
8438
8455
8458
8465
8470
8473
8536
8578
8620
8639
8647
8682
8691
8709
8718
8742
8756
8780
8804
8811
8814
8859
8870
8879
8884
8925
8934
8939
8957
8976
8991
8995
8999
9017
9029
9031
9034
9036
9037
9044
9047
9067
9090
9118
9119
9123
9152
9154
9158
9184
9211
9219
9222
9228
9234
9242
9280
9326
9336
9350
9373
9381
9389
9411
9468
9478
9523
9541
9542
9604
9611
9614
9623
9654
9656
9663
9667
9684
9714
9717
9725
9731
9764
9778
9802
9803
9885
9903
9928
9961
9964
9970
9986
10006
10016
10032
10034
10038
10053
10060
10066
10105
10136
10168
10173
10176
10182
10189
10230
10276
10288
10310
10311
10325
10359
10372
10379
10390
10403
10444
10450
10490
10509
10516
10517
10536
10546
10547
10561
10579
10581
10587
10600
10604
10642
10658
10665
10676
10677
10696
10698
10714
10752
10802
10812
10880
10885
10914
10921
10945
10951
10957
10962
10965
11027
11044
11045
11080
11104
11107
11137
11150
11158
11164
11172
11180
11216
11246
11247
11272
11277
11279
11291
11315
11340
11343
11349
11371
11377
11394
11411
11419
11455
11461
11491
11501
11511
11517
11526
11528
11534
11539
11586
11592
11643
11656
11662
11708
11719
11723
11745
11780
11798
11803
11806
11859
11863
11873
11877
11899
11922
11952
11988
11995
11999
12007
12031
12056
12058
12061
12114
12123
12138
12161
12163
12170
12182
12194
12298
12312
12314
12371
12378
12384
12411
12462
12492
12527
12531
12547
12556
12558
12580
12604
12618
12672
12677
12689
12691
12694
12700
12760
12792
12797
12804
12827
12879
12924
12974
12975
13003
13004
13008
13027
13033
13043
13050
13081
13128
13137
13142
13166
13175
13193
13245
13257
13267
13273
13275
13284
13294
13306
13322
13327
13384
13427
13435
13471
13480
13481
13498
13515
13523
13563
13573
13579
13584
13586
13589
13591
13598
13599
13607
13647
13674
13678
13685
13719
13731
13741
13742
13743
13758
13763
13774
13798
13810
13824
13859
13866
13883
13895
13939
13972
14007
14052
14091
14124
14144
14162
14225
14229
14237
14272
14279
14294
14334
14336
14340
14341
14343
14374
14386
14392
14419
14459
14474
14481
14532
14542
14600
14615
14625
14634
14649
14673
14680
14687
valid
5
79
80
127
138
158
238
269
274
331
495
603
643
761
775
809
854
891
906
982
1239
1244
1288
1298
1508
1628
1670
1720
1728
1744
1830
1838
1887
1933
1966
2052
2150
2184
2367
2372
2451
2523
2525
2588
2610
2689
2722
2816
2818
2885
3036
3215
3517
3550
